{
	"Calibration": {
		"Dynamic": {
			"CalibrationHistory": [
				{
					"Epipolar": -1.02431916069689522e-05,
					"Time": 13188582141.9400196
				},
				{
					"Epipolar": -8.69119342469802182e-06,
					"Time": 13188582145.1440792
				},
				{
					"Epipolar": -6.79266570374938867e-06,
					"Time": 13188582148.2752628
				},
				{
					"Epipolar": -6.38529471211544971e-06,
					"Time": 13188582208.5957775
				},
				{
					"Epipolar": -8.95000342811325594e-06,
					"Time": 13188582268.7737293
				},
				{
					"Epipolar": -8.07953895575688181e-06,
					"Time": 13188582329.1774521
				}
			],
			"Stereo": {
				"Angle": {
					"Epipolar": 0,
					"Vergence": 0
				},
				"Left": {
					"Camera": [
						[
							1210.21445171899745,
							0,
							0
						],
						[
							0,
							1210.21445171899745,
							0
						],
						[
							396.267243809724846,
							419.10664859413356,
							1
						]
					],
					"Rotation": [
						[
							0.99932848549540676,
							0.000794982911429814934,
							-0.0366325822134767679
						],
						[
							-0.000823850265389110964,
							0.999999361920299923,
							-0.000772935788526430334
						],
						[
							0.0366319443682261922,
							0.000802596513511775892,
							0.999328502791069107
						]
					]
				},
				"Reprojection": [
					[
						1,
						0,
						0,
						0
					],
					[
						0,
						1,
						0,
						0
					],
					[
						0,
						0,
						0,
						0.00993255465358099977
					],
					[
						-396.267243809724846,
						-419.10664859413356,
						1210.21445171899745,
						1.18948235657979473
					]
				],
				"Right": {
					"Camera": [
						[
							1210.21445171899745,
							0,
							0
						],
						[
							0,
							1210.21445171899745,
							0
						],
						[
							516.023177511126505,
							419.10664859413356,
							1
						]
					],
					"Rotation": [
						[
							0.999462477927388515,
							0.000581851107565593026,
							0.0327782956319128196
						],
						[
							-0.000607512898769899047,
							0.999999516748984574,
							0.000772935880390663243
						],
						[
							-0.0327778300581700946,
							-0.000792433647690321129,
							0.999462348418184154
						]
					]
				}
			}
		},
		"Monocular": {
			"Left": {
				"Camera": [
					[
						1542.38138438670194,
						0,
						0
					],
					[
						0,
						1542.99474174053671,
						0
					],
					[
						632.37603759765625,
						501.724090576171875,
						1
					]
				],
				"Distortion": {
					"K1": -0.536884728002773204,
					"K2": 0.12171990767408461,
					"K3": 0.215234630559413359,
					"Rx": 0,
					"Ry": 0,
					"T1": 0.000689680664788131469,
					"T2": 0.000606848975054514561
				}
			},
			"Right": {
				"Camera": [
					[
						1542.6788312021954,
						0,
						0
					],
					[
						0,
						1543.36053953720329,
						0
					],
					[
						648.75579833984375,
						542.291748046875,
						1
					]
				],
				"Distortion": {
					"K1": -0.544738830638799687,
					"K2": 0.173670948948221548,
					"K3": 0.0929007280355239606,
					"Rx": 0,
					"Ry": 0,
					"T1": -0.000935963031373972807,
					"T2": -0.000307067722835691753
				}
			}
		},
		"Stereo": {
			"Angle": {
				"Epipolar": -0.00154587222778393039,
				"OpticalAxis": 0.000213352977080545256,
				"Vergence": 0.0694249655213888123
			},
			"Baseline": 100.679033227314619,
			"Left": {
				"Camera": [
					[
						1512.76806464874676,
						0,
						0
					],
					[
						0,
						1512.76806464874676,
						0
					],
					[
						562.834054762156029,
						523.883310742666936,
						1
					]
				],
				"Rotation": [
					[
						0.99932848549540676,
						0.000794982911429814934,
						-0.0366325822134767679
					],
					[
						-0.000823850265389110964,
						0.999999361920299923,
						-0.000772935788526430334
					],
					[
						0.0366319443682261922,
						0.000802596513511775892,
						0.999328502791069107
					]
				]
			},
			"Rectification": true,
			"Reprojection": [
				[
					1,
					0,
					0,
					0
				],
				[
					0,
					1,
					0,
					0
				],
				[
					0,
					0,
					0,
					0.00993255465358099977
				],
				[
					-562.834054762156029,
					-523.883310742666936,
					1512.76806464874676,
					1.48685294572474391
				]
			],
			"Right": {
				"Camera": [
					[
						1512.76806464874676,
						0,
						0
					],
					[
						0,
						1512.76806464874676,
						0
					],
					[
						712.528971888908131,
						523.883310742666936,
						1
					]
				],
				"Rotation": [
					[
						0.999462477927388515,
						0.000581851107565593026,
						0.0327782956319128196
					],
					[
						-0.000607512898769899047,
						0.999999516748984574,
						0.000772935880390663243
					],
					[
						-0.0327778300581700946,
						-0.000792433647690321129,
						0.999462348418184154
					]
				]
			}
		}
	},
	"EepromId": 1,
	"Images": {
		"DisparityMap": 13188582382.7789993,
		"Normals": null,
		"PointMap": null,
		"Raw": [
			{
				"Left": 13188582382.8990002,
				"Right": 13188582382.8990002
			},
			{
				"Left": 13188582383.0249996,
				"Right": 13188582383.0249996
			},
			{
				"Left": 13188582383.1439991,
				"Right": 13188582383.1439991
			},
			{
				"Left": 13188582383.2649994,
				"Right": 13188582383.2649994
			}
		],
		"Rectified": [
			{
				"Left": 13188582382.4190006,
				"Right": 13188582382.4190006
			},
			{
				"Left": 13188582382.5410004,
				"Right": 13188582382.5410004
			},
			{
				"Left": 13188582382.6580009,
				"Right": 13188582382.6580009
			},
			{
				"Left": 13188582382.7789993,
				"Right": 13188582382.7789993
			}
		],
		"WithOverlay": {
			"Left": null,
			"Right": null
		}
	},
	"Link": {
		"Rotation": {
			"Angle": 0,
			"Axis": [
				1,
				0,
				0
			]
		},
		"Target": "",
		"Translation": [
			0,
			0,
			0
		]
	},
	"ModelName": "N35-802-16-BL",
	"Parameters": {
		"Capture": {
			"AbsoluteBlackLevelOffset": 0,
			"AutoBlackLevel": true,
			"AutoExposure": true,
			"AutoGain": true,
			"Binning": 1,
			"BlackLevelOffset": 0.501960784313725483,
			"BlackLevelOffsetCalibration": {
				"Left": 0,
				"Right": 0
			},
			"Exposure": 5.69737831758884372,
			"FlashDelay": -0.0500000000000000028,
			"FlexView": 4,
			"FrontLight": false,
			"Gain": 1,
			"GainBoost": false,
			"HardwareGamma": true,
			"Hdr": false,
			"ImageBuffer": {
				"Count": 0,
				"OverflowPolicy": "DiscardOld",
				"Size": 1
			},
			"MaxFlashTime": 10,
			"MaxGain": 4,
			"MultiExposureFactor": 1,
			"PixelClock": 24,
			"Projector": true,
			"TargetBrightness": 80,
			"TriggerDelay": 0,
			"TriggerMode": "Software",
			"Triggered": false,
			"UseDisparityMapAreaOfInterest": false,
			"UseRecalibrator": true,
			"WaitForRecalibration": false
		},
		"DisparityMap": {
			"AreaOfInterest": {
				"LeftTop": [
					150,
					0
				],
				"RightBottom": [
					1143,
					1023
				]
			},
			"MeasurementVolume": {
				"Far": {
					"DisparityStep": 16.8067548016173518,
					"LeftBottom": [
						-447.193244491789244,
						527.870471016195097,
						1599.91763050960662
					],
					"LeftTop": [
						-447.193244491789244,
						-554.0638811552069,
						1599.91763050960662
					],
					"PixelSize": 1.05760933741095031,
					"RightBottom": [
						603.012827557284254,
						527.870471016195097,
						1599.91763050960662
					],
					"RightTop": [
						603.012827557284254,
						-554.0638811552069,
						1599.91763050960662
					]
				},
				"Near": {
					"DisparityStep": 3.11287081894646223,
					"LeftBottom": [
						-192.457061862072237,
						227.177850172981266,
						688.551202823147491
					],
					"LeftTop": [
						-192.457061862072237,
						-238.450620541485733,
						688.551202823147491
					],
					"PixelSize": 0.45515979541981133,
					"RightBottom": [
						259.516614989800416,
						227.177850172981266,
						688.551202823147491
					],
					"RightTop": [
						259.516614989800416,
						-238.450620541485733,
						688.551202823147491
					]
				}
			},
			"PostProcessing": {
				"Filling": {
					"BorderSpread": 1,
					"RegionSize": 0
				},
				"MedianFilterRadius": 2,
				"SpeckleRemoval": {
					"ComponentThreshold": 1,
					"RegionSize": 416
				},
				"UniquenessOffset": 16,
				"UniquenessRatio": 18.2999992370605469
			},
			"ScaledMeasurementVolume": {
				"Far": {
					"DisparityStep": 21.513936105738857,
					"LeftBottom": [
						-420.433588762803026,
						534.986067322204576,
						1619.05134922967454
					],
					"LeftTop": [
						-420.433588762803026,
						-560.690036310204619,
						1619.05134922967454
					],
					"PixelSize": 1.33782186035703177,
					"RightBottom": [
						608.35142185175448,
						534.986067322204576,
						1619.05134922967454
					],
					"RightTop": [
						608.35142185175448,
						-560.690036310204619,
						1619.05134922967454
					]
				},
				"Near": {
					"DisparityStep": 3.00818113887090544,
					"LeftBottom": [
						-157.213363600595869,
						200.048144037867104,
						605.41430384640978
					],
					"LeftTop": [
						-157.213363600595869,
						-209.659667785006917,
						605.41430384640978
					],
					"PixelSize": 0.500253738489467636,
					"RightBottom": [
						227.481761297804752,
						200.048144037867104,
						605.41430384640978
					],
					"RightTop": [
						227.481761297804752,
						-209.659667785006917,
						605.41430384640978
					]
				}
			},
			"Scaling": 0.800000000000000044,
			"StereoMatching": {
				"CostScale": -3,
				"DepthChangeCost": 3,
				"DepthStepCost": 13,
				"Method": "SgmAlignedAndDiagonal",
				"MinimumDisparity": -55,
				"NumberOfDisparities": 128,
				"Padding": false,
				"PropagationDecay": 3,
				"ScaledMinimumDisparity": -45,
				"ScaledNumberOfDisparities": 128,
				"ShadowingThreshold": 1
			},
			"ValidRegion": {
				"LeftTop": [
					82,
					0
				],
				"RightBottom": [
					851,
					819
				]
			}
		},
		"IO": {
			"Input": false,
			"Output": {
				"Duration": 0,
				"Mode": "LowActive"
			}
		},
		"Overlay": {
			"Text": {
				"Angle": 0,
				"Color": [
					255,
					0,
					0
				],
				"Mirror": {
					"Horizontal": false,
					"Vertical": false
				}
			}
		},
		"TransportLayer": {
			"BandwidthLimit": 1000
		}
	},
	"Sensor": {
		"GlobalShutter": true,
		"ModelName": "UI524xTE-M",
		"PixelSize": 5.29999999999999982,
		"Port": {
			"Bandwidth": 1000,
			"Gateway": null,
			"IpAddress": "192.168.0.191",
			"IpSubnetMask": "255.255.255.0",
			"NetworkAdapter": {
				"DHCP": false,
				"Gateway": null,
				"IpAddress": "192.168.0.150",
				"IpSubnetMask": "255.255.255.0",
				"Name": ""
			},
			"Type": "Ethernet"
		},
		"SerialNumber": "171865",
		"Size": [
			1280,
			1024
		],
		"Temperature": 41.0625
	},
	"SerialNumber": "171865",
	"Status": {
		"Available": false,
		"Calibrated": true,
		"DynamicCalibrationLimitReached": false,
		"LocalEepromFile": false,
		"Open": true,
		"Overtemperature": false,
		"Paired": true,
		"ValidFirmware": true,
		"ValidIpAddress": true
	},
	"Type": "Stereo"
}