{
	"Calibration": {
		"Dynamic": {
			"CalibrationHistory": [
				{
					"Epipolar": -0.000232168936977855672,
					"Time": 13188585170.6840916
				},
				{
					"Epipolar": -0.000231834340314208769,
					"Time": 13188585174.4470406
				},
				{
					"Epipolar": -0.000228347361688272486,
					"Time": 13188585178.1743279
				},
				{
					"Epipolar": -0.000232097900852868549,
					"Time": 13188585239.196331
				},
				{
					"Epipolar": -0.000229525825237312251,
					"Time": 13188585300.1328468
				},
				{
					"Epipolar": -0.000223667880104573189,
					"Time": 13188585361.0703239
				}
			],
			"Stereo": {
				"Angle": {
					"Epipolar": -0.000232168936977855672,
					"Vergence": 0
				},
				"Left": {
					"Camera": [
						[
							1343.8113060233411,
							0,
							0
						],
						[
							0,
							1343.8113060233411,
							0
						],
						[
							514.758535862246958,
							450.657097885107021,
							1
						]
					],
					"Rotation": [
						[
							0.999373316556098512,
							0.00149233838475074749,
							-0.0353659028134386544
						],
						[
							-0.00144680854657543026,
							0.999998091451142934,
							0.00131295053266919782
						],
						[
							0.0353677946823624384,
							-0.00126096003785987169,
							0.999373568331226814
						]
					]
				},
				"Reprojection": [
					[
						1,
						0,
						0,
						0
					],
					[
						0,
						1,
						0,
						0
					],
					[
						0,
						0,
						0,
						0.0099389735010769701
					],
					[
						-514.758535862246958,
						-450.657097885107021,
						1343.8113060233411,
						1.10438570207893405
					]
				],
				"Right": {
					"Camera": [
						[
							1343.8113060233411,
							0,
							0
						],
						[
							0,
							1343.8113060233411,
							0
						],
						[
							625.875212243290207,
							450.657097885107021,
							1
						]
					],
					"Rotation": [
						[
							0.99930059827033646,
							0.00209480991080752748,
							0.0373353193100730493
						],
						[
							-0.00204721611911646726,
							0.999997042529316094,
							-0.00131295041137198271
						],
						[
							-0.0373379592734948557,
							0.00123559866407936254,
							0.999301931396728516
						]
					]
				}
			}
		},
		"Monocular": {
			"Left": {
				"Camera": [
					[
						1542.9183214164691,
						0,
						0
					],
					[
						0,
						1543.64634057140461,
						0
					],
					[
						640.8321533203125,
						486.01434326171875,
						1
					]
				],
				"Distortion": {
					"K1": -0.543826002685477761,
					"K2": 0.138409291030517717,
					"K3": 0.197408949789581206,
					"Rx": 0,
					"Ry": 0,
					"T1": -0.00107014927380098867,
					"T2": 0.00143048221757736071
				}
			},
			"Right": {
				"Camera": [
					[
						1544.08737378931369,
						0,
						0
					],
					[
						0,
						1544.81348863384028,
						0
					],
					[
						634.41363525390625,
						529.21917724609375,
						1
					]
				],
				"Distortion": {
					"K1": -0.542768506156229513,
					"K2": 0.145187028020219877,
					"K3": 0.171946210805847599,
					"Rx": 0,
					"Ry": 0,
					"T1": -0.00166928166929834081,
					"T2": 0.00163670626323266714
				}
			}
		},
		"Stereo": {
			"Angle": {
				"Epipolar": 0.00216156795005810389,
				"OpticalAxis": -0.00060254174254067744,
				"Vergence": 0.0727182294936409152
			},
			"Baseline": 100.614012090045506,
			"Left": {
				"Camera": [
					[
						1509.9003438464506,
						0,
						0
					],
					[
						0,
						1509.9003438464506,
						0
					],
					[
						578.380377373311148,
						506.356289758547234,
						1
					]
				],
				"Rotation": [
					[
						0.999373316556098512,
						0.00148412748054273192,
						-0.0353662483348981538
					],
					[
						-0.00144680854657543026,
						0.999998369326313474,
						0.00108078200549723957
					],
					[
						0.0353677946823624384,
						-0.00102893650695668653,
						0.999373834152651241
					]
				]
			},
			"Rectification": true,
			"Reprojection": [
				[
					1,
					0,
					0,
					0
				],
				[
					0,
					1,
					0,
					0
				],
				[
					0,
					0,
					0,
					0.00993897350107696836
				],
				[
					-578.380377373311148,
					-506.356289758547234,
					1509.9003438464506,
					1.24088281132464484
				]
			],
			"Right": {
				"Camera": [
					[
						1509.9003438464506,
						0,
						0
					],
					[
						0,
						1509.9003438464506,
						0
					],
					[
						703.230575554258621,
						506.356289758547234,
						1
					]
				],
				"Rotation": [
					[
						0.99930059827033646,
						0.00208614175303179416,
						0.0373358046536269028
					],
					[
						-0.00204721611911646726,
						0.999997320404486856,
						-0.00108078212772709102
					],
					[
						-0.0373379592734948557,
						0.00100359176573047823,
						0.999302191331960632
					]
				]
			}
		}
	},
	"EepromId": 1,
	"Images": {
		"DisparityMap": 13188585371.9939995,
		"Normals": null,
		"PointMap": 13188585371.9939995,
		"Raw": [
			{
				"Left": 13188585372.5240002,
				"Right": 13188585372.5240002
			},
			{
				"Left": 13188585372.5930004,
				"Right": 13188585372.5930004
			},
			{
				"Left": 13188585372.6590004,
				"Right": 13188585372.6590004
			},
			{
				"Left": 13188585372.7670002,
				"Right": 13188585372.7670002
			}
		],
		"Rectified": [
			{
				"Left": 13188585371.7560005,
				"Right": 13188585371.7560005
			},
			{
				"Left": 13188585371.8209991,
				"Right": 13188585371.8209991
			},
			{
				"Left": 13188585371.8880005,
				"Right": 13188585371.8880005
			},
			{
				"Left": 13188585371.9939995,
				"Right": 13188585371.9939995
			}
		],
		"WithOverlay": {
			"Left": 13188585158.3097076,
			"Right": 13188585158.3097095
		}
	},
	"Link": {
		"Rotation": {
			"Angle": 0,
			"Axis": [
				0,
				0,
				0
			]
		},
		"Target": "",
		"Translation": [
			0,
			0,
			0
		]
	},
	"ModelName": "N35-802-16-BL",
	"Parameters": {
		"Capture": {
			"AbsoluteBlackLevelOffset": 0,
			"AutoBlackLevel": true,
			"AutoExposure": true,
			"AutoGain": true,
			"Binning": 1,
			"BlackLevelOffset": 0.501960784313725483,
			"BlackLevelOffsetCalibration": {
				"Left": 0,
				"Right": 0
			},
			"Exposure": 4.55930976158344592,
			"FlashDelay": -0.0500000000000000028,
			"FlexView": 4,
			"FrontLight": false,
			"Gain": 1,
			"GainBoost": false,
			"HardwareGamma": true,
			"Hdr": false,
			"ImageBuffer": {
				"Count": 0,
				"OverflowPolicy": "DiscardOld",
				"Size": 1
			},
			"MaxFlashTime": 10,
			"MaxGain": 4,
			"MultiExposureFactor": 1,
			"PixelClock": 24,
			"Projector": true,
			"TargetBrightness": 80,
			"TriggerDelay": 0,
			"TriggerMode": "Software",
			"Triggered": true,
			"UseDisparityMapAreaOfInterest": false,
			"UseRecalibrator": true,
			"WaitForRecalibration": false
		},
		"DisparityMap": {
			"AreaOfInterest": {
				"LeftTop": [
					0,
					0
				],
				"RightBottom": [
					1279,
					1023
				]
			},
			"MeasurementVolume": {
				"Far": {
					"DisparityStep": 16.7095037157358668,
					"LeftBottom": [
						-474.188450413750957,
						545.165059959636892,
						1593.25449080069302
					],
					"LeftTop": [
						-474.188450413750957,
						-534.309721758050841,
						1593.25449080069302
					],
					"PixelSize": 1.05520506521768098,
					"RightBottom": [
						707.641222630051971,
						545.165059959636892,
						1593.25449080069302
					],
					"RightTop": [
						707.641222630051971,
						-534.309721758050841,
						1593.25449080069302
					]
				},
				"Near": {
					"DisparityStep": 2.36681468174831222,
					"LeftBottom": [
						-178.464287956762831,
						205.176853547804427,
						599.63296867851102
					],
					"LeftTop": [
						-178.464287956762831,
						-201.091367701437832,
						599.63296867851102
					],
					"PixelSize": 0.39713413611851639,
					"RightBottom": [
						266.325944495975534,
						205.176853547804427,
						599.63296867851102
					],
					"RightTop": [
						266.325944495975534,
						-201.091367701437832,
						599.63296867851102
					]
				}
			},
			"PostProcessing": {
				"Filling": {
					"BorderSpread": 3,
					"RegionSize": 150
				},
				"MedianFilterRadius": 1,
				"SpeckleRemoval": {
					"ComponentThreshold": 3,
					"RegionSize": 150
				},
				"UniquenessOffset": 16,
				"UniquenessRatio": 30
			},
			"ScaledMeasurementVolume": {
				"Far": {
					"DisparityStep": 18.8836017280709747,
					"LeftBottom": [
						-455.121538706994784,
						547.373736476972908,
						1597.86761633269066
					],
					"LeftTop": [
						-455.121538706994784,
						-535.856767652895883,
						1597.86761633269066
					],
					"PixelSize": 1.18905653581763859,
					"RightBottom": [
						710.153866394291072,
						547.373736476972908,
						1597.86761633269066
					],
					"RightTop": [
						710.153866394291072,
						-535.856767652895883,
						1597.86761633269066
					]
				},
				"Near": {
					"DisparityStep": 2.29697072401646274,
					"LeftBottom": [
						-158.731347445913883,
						190.905864385888634,
						557.283402805432843
					],
					"LeftTop": [
						-158.731347445913883,
						-186.889126384140781,
						557.283402805432843
					],
					"PixelSize": 0.414703612261283605,
					"RightBottom": [
						247.678192570144063,
						190.905864385888634,
						557.283402805432843
					],
					"RightTop": [
						247.678192570144063,
						-186.889126384140781,
						557.283402805432843
					]
				}
			},
			"Scaling": 0.890000000000000013,
			"StereoMatching": {
				"CostScale": -3,
				"DepthChangeCost": 4,
				"DepthStepCost": 5,
				"Method": "SgmAlignedAndDiagonal",
				"MinimumDisparity": -30,
				"NumberOfDisparities": 160,
				"Padding": false,
				"PropagationDecay": 3,
				"ScaledMinimumDisparity": -27,
				"ScaledNumberOfDisparities": 160,
				"ShadowingThreshold": 1
			},
			"ValidRegion": {
				"LeftTop": [
					132,
					0
				],
				"RightBottom": [
					1112,
					911
				]
			}
		},
		"IO": {
			"Input": false,
			"Output": {
				"Duration": 0,
				"Mode": "LowActive"
			}
		},
		"Overlay": {
			"Text": {
				"Angle": 0,
				"Color": [
					255,
					0,
					0
				],
				"Mirror": {
					"Horizontal": false,
					"Vertical": false
				}
			}
		},
		"TransportLayer": {
			"BandwidthLimit": 1000
		}
	},
	"Sensor": {
		"GlobalShutter": true,
		"ModelName": "UI524xTE-M",
		"PixelSize": 5.29999999999999982,
		"Port": {
			"Bandwidth": 1000,
			"Gateway": null,
			"IpAddress": "192.168.0.192",
			"IpSubnetMask": "255.255.255.0",
			"NetworkAdapter": {
				"DHCP": false,
				"Gateway": null,
				"IpAddress": "192.168.0.150",
				"IpSubnetMask": "255.255.255.0",
				"Name": ""
			},
			"Type": "Ethernet"
		},
		"SerialNumber": "171864",
		"Size": [
			1280,
			1024
		],
		"Temperature": 41.625
	},
	"SerialNumber": "171864",
	"Status": {
		"Available": false,
		"Calibrated": true,
		"DynamicCalibrationLimitReached": false,
		"LocalEepromFile": false,
		"Open": true,
		"Overtemperature": false,
		"Paired": true,
		"ValidFirmware": true,
		"ValidIpAddress": true
	},
	"Type": "Stereo"
}